 Molecules IDs (A, B) at every time frame where the angle H_{A}O_{A}O_{B} is less than 30 degree

 no. of trajectory at every 10 fs	molecule ID A	molecule ID B	distance O_{B}O_{A} (A)	distance H_{A}O_{B} (A)	Theta of H_{A}O_{A}O_{B} (degree)

           1          81          84   1.61080778       1.02970803       29.6458645    
           1          97         100   1.17779434       1.02362144       28.3688431    
           1         145         148   1.09119225       1.05820537       29.1939011    
           1         209         212  0.814062715       1.04852378       22.3200607    
           1         213         216   1.92257583       1.02567041       28.5802059    
           1         217         220  0.900667191       1.04446173       29.7868080    
           1         249         252   1.28171718       1.07205474       27.2993488    
           2          13          16   1.55884552       1.06334424       26.3756313    
           2          21          24   1.48956394      0.994032443       22.5547581    
           2          33          36  0.987268806       1.07860970       28.6134319    
           2          61          64  0.917987227       1.04364860       29.0627441    
           2          69          72   1.74937165       1.03097069       25.6268024    
           2          77          80   1.64544785       1.00767136       26.6412411    
           2         113         116   1.14315331       1.04043067       29.3970108    
           2         129         132  0.744782388       1.05820739       29.1937885    
           2         157         160   1.26439631       1.05247307       23.6345882    
           2         169         172   1.68008971       1.05304360       28.0258961    
           2         173         176   1.59348679       1.05877292       27.9434376    
           2         197         200   1.73205411       1.01680911       22.2502346    
           2         213         216   1.02191019       1.03004837       24.7639771    
           2         217         220   2.16506362       1.06372094       21.8527699    
           2         225         228   1.03923118       1.04091334       26.7447872    
           3           1           4   1.58797026       1.02221584       29.3780613    
           3          21          24   1.41637421       1.04894745       29.4745808    
           3          37          40   1.37777925       1.05060923       28.3570118    
           3          69          72   1.76164961       1.03048432       28.1738033    
           3          77          80   1.66682410       1.02867830       28.7900257    
           3         113         116   1.20889378       1.02409852       29.3143845    
           3         129         132  0.838185728       1.04201341       29.8539791    
           3         141         144  0.742849767       1.02320027       28.1143074    
           3         157         160   1.24883950       1.02980363       28.0712566    
           3         169         172   1.65632677       1.04290640       28.7227859    
           3         197         200   1.69011462       1.07935917       25.9254951    
           3         205         208   1.25554264       1.07024133       29.1772060    
           3         209         212   1.16023302       1.07977915       29.7962074    
           3         213         216  0.973561704       1.03006995       23.6596241    
           3         217         220   2.17423439       1.00488734       29.9144821    
           3         221         224   1.37294674       1.07982826       27.1418915    
           4           9          12   1.12772119       1.03838086       29.5699120    
           4          13          16   1.23324275       1.02578425       26.9899788    
           4          21          24   1.34396577       1.05808496       23.9905739    
           4          37          40   1.43320787       1.01572227       29.0791931    
           4          77          80   1.63961792       1.06566930       28.7145042    
           4          81          84   1.56805885       1.03101957       29.0635147    
           4         113         116   1.26088619       1.02805769       29.7469025    
           4         129         132  0.930198312       1.02190721       29.5600243    
           4         157         160   1.24807644       1.03918755       27.6589909    
           4         197         200   1.62886202       1.00874722       29.4255371    
           4         205         208   1.22988009       1.01220286       26.5990772    
           4         213         216  0.958754838       1.04266882       24.7193012    
           4         217         220   2.21247053       1.07652640       26.6812801    
           4         225         228  0.933204651       1.04572845       24.5412407    
           4         245         248  0.962154269       1.02692747       27.8624668    
           5          13          16   1.12668180       1.09136248       29.6437492    
           5          21          24   1.31872654       1.00831556       29.5916309    
           5          37          40   1.51007819       1.06847572       27.2581139    
           5          49          52  0.956346512       1.04992020       27.5056648    
           5          61          64  0.867296875       1.04568791       28.2779713    
           5          77          80   1.58194065       1.01897216       29.1635265    
           5         113         116   1.35685730       1.03477907       29.6778698    
           5         129         132   1.03066981       1.06114078       26.9487286    
           5         133         136   1.79327369       1.07259333       29.9258251    
           5         157         160   1.28521907       1.04873037       21.4682732    
           5         169         172   1.55351627       1.07011950       29.8204937    
           5         197         200   1.62443197       1.06390929       25.6672153    
           5         213         216  0.985834658       1.03143692       28.3612690    
           5         217         220   2.19962931       1.01877594       24.6100540    
           5         225         228  0.956964314       1.02606249       27.3278027    
           6          37          40   1.59476006       1.01568568       24.4764709    
           6          81          84   1.40005803       1.07127845       27.6186409    
           6         129         132   1.06864500       1.01858366       29.2475471    
           6         137         140   1.44010627       1.04574072       29.1240044    
           6         157         160   1.26760578       1.02474666       28.9916553    
           6         205         208   1.19674468       1.05787814       27.7867603    
           6         213         216  0.995434999       1.04359615       26.3895454    
           6         221         224   1.38252401       1.06038666       27.4313831    
           7           9          12   1.26525116       1.02912903       27.1545067    
           7          13          16  0.969243884       1.06455195       27.6761227    
           7          21          24   1.35723138       1.05864775       26.7538071    
           7          33          36   1.17521870       1.04434502       29.8898716    
           7          37          40   1.67353201       1.03536355       29.4444752    
           7          81          84   1.40025949      0.997598112       25.0965290    
           7         109         112  0.785992622       1.06779575       26.9269695    
           7         129         132   1.18497717       1.03832328       28.4469433    
           7         137         140   1.48348606       1.03369987       28.1152191    
           7         157         160   1.26378012       1.03396273       27.8931713    
           7         169         172   1.41897953       1.04011846       28.2515240    
           7         173         176   1.73570788       1.01572871       29.0947704    
           7         217         220   2.14119148       1.07414317       23.8825836    
           7         225         228  0.827267230       1.04221785       27.6199741    
           7         241         244   1.47167897       1.07154453       28.8193550    
           8          37          40   1.73286664       1.05891562       25.2799301    
           8          49          52  0.925933719       1.04229462       29.9568005    
           8          61          64  0.833319128       1.03810835       29.0602341    
           8          81          84   1.43468904       1.06039047       28.5130844    
           8         129         132   1.27328467       1.05412447       28.3828373    
           8         133         136   1.86439729       1.06110334       27.1450119    
           8         141         144   1.13693094      0.996294558       29.7526569    
           8         149         152   1.00230324       1.06513751       29.2846966    
           8         157         160   1.24719763       1.05052233       25.7927475    
           8         173         176   1.69965708       1.08419847       28.1819363    
           8         177         180   1.32908785       1.05997753       28.6997185    
           8         197         200   1.51806176       1.06853819       29.8499470    
           8         217         220   2.11146879      0.993147373       27.4212494    
           8         221         224   1.39518023       1.06995618       27.4518547    
           9           5           8   1.83217192       1.07716048       29.6612816    
           9          21          24   1.20471597       1.08447003       27.4725418    
           9          37          40   1.76056027       1.00418663       25.3050880    
           9          65          68   1.48076475       1.03499806       28.0693798    
           9          81          84   1.41983843       1.04161072       25.4632874    
           9         109         112  0.781097472       1.03238606       23.9364166    
           9         137         140   1.73489523       1.03756928       24.5011177    
           9         161         164   1.19821811       1.02930164       29.3143215    
           9         169         172   1.37354147       1.01454997       29.4877548    
           9         213         216   1.06705749       1.06056547       29.0623341    
           9         217         220   2.07579637       1.03778911       29.6966591    
           9         225         228  0.774825513       1.05206573       28.9268513    
           9         253         256  0.456465125       1.03507650       28.7707901    
          10           5           8   1.84348059      0.980376422       29.7807693    
          10          37          40   1.80165315       1.06446028       28.0722446    
          10          49          52  0.969704330       1.04887903       27.7081814    
          10          61          64  0.916386724       1.02934742       29.6161823    
          10          77          80   1.52672970       1.03958142       29.0487099    
          10          81          84   1.29867804       1.00389445       28.0463676    
          10          89          92   1.47540212       1.01643550       29.7111053    
          10         109         112  0.836040080       1.05709207       24.6058559    
          10         133         136   1.75567508       1.04196024       29.1411095    
          10         157         160   1.17435265       1.04901588       29.9184933    
          10         169         172   1.31570661       1.03350675       23.2945614    
          10         217         220   1.98609960       1.05854011       23.3607655    
          10         241         244   1.34228921       1.05389774       29.6603909    
          10         253         256  0.481747776       1.02290583       28.1332130    
          11           5           8   1.78833020       1.02727246       29.2434292    
          11          25          28   1.75221694       1.01304185       28.1744175    
          11          37          40   1.84454417       1.04083419       25.8762665    
          11          65          68   1.43650031       1.07059419       29.7561436    
          11          81          84   1.21772182       1.08074808       25.2238541    
          11         105         108   1.55578840       1.05406618       28.9741955    
          11         109         112  0.888388515       1.00833762       26.9123154    
          11         133         136   1.74011338       1.04787683       28.8118382    
          11         137         140   1.90877652       1.05946290       28.3910046    
          11         149         152  0.976021230       1.05948436       28.7875023    
          11         169         172   1.25933182       1.05184281       27.6335602    
          11         173         176   1.64141583       1.06928205       27.7350445    
          11         177         180   1.32384336       1.05582988       28.1320171    
          11         205         208   1.09860718       1.06585014       29.6547928    
          11         221         224   1.30031002       1.07998955       29.0457764    
          11         253         256  0.478014678       1.05706608       27.2639046    
          12           9          12   1.43654895       1.05668414       29.0800152    
          12          21          24   1.11062908       1.06790638       24.9855366    
          12          25          28   1.84255910       1.04832411       28.7215176    
          12          37          40   1.87594259       1.02027512       29.3287811    
          12          81          84   1.22224784       1.01772690       22.9849243    
          12          89          92   1.49232495       1.05009878       29.6097908    
          12         109         112  0.914798498       1.05199277       19.9201927    
          12         137         140   2.00584531       1.02013373       24.4044361    
          12         161         164   1.46647739       1.04619348       24.0444031    
          12         169         172   1.25270641       1.00764823       27.8708515    
          12         173         176   1.60387182      0.988826513       27.2738762    
          12         217         220   1.78702974       1.06455147       26.7514343    
          12         225         228  0.754276991       1.05807555       29.4689388    
          12         253         256  0.396392018       1.03058302       26.7234058    
          13           5           8   1.70825589      0.975869417       28.4675312    
          13          37          40   1.90297830       1.07554257       29.6206665    
          13          49          52   1.01433218       1.03157973       28.0519600    
          13          89          92   1.49720192       1.01545691       27.5177803    
          13         109         112  0.893958390       1.03971815       26.1086178    
          13         133         136   1.59517837       1.06375098       27.4841213    
          13         137         140   2.10842276       1.04281116       29.7435799    
          13         141         144   1.47107112       1.00457370       28.1102200    
          13         149         152  0.949995220       1.07430816       29.8432236    
          13         161         164   1.50189555       1.06239748       28.6237125    
          13         169         172   1.23092401       1.05224848       25.1344185    
          13         173         176   1.58146167       1.08664906       26.4227142    
          13         177         180   1.50788164       1.03657389       26.6131744    
          13         217         220   1.72970188       1.04541516       27.5283623    
          13         253         256  0.354280740       1.04180539       25.9727974    
          14           9          12   1.39663208       1.05767095       29.9089012    
          14          21          24  0.890568435       1.02584934       27.6036415    
          14          25          28   1.93570721       1.01055300       26.1309376    
          14          37          40   1.90956163       1.02248299       29.4257660    
          14          65          68   1.30686688       1.05835295       28.8646889    
          14          81          84   1.22779536       1.08050513       28.3786297    
          14          89          92   1.52430487       1.06616700       28.8946800    
          14         105         108   1.44468665       1.04108608       28.6338463    
          14         109         112  0.924952984       1.01317823       23.4507427    
          14         137         140   2.22890615       1.05470288       27.9898911    
          14         149         152   1.00804496       1.03340888       28.9007683    
          14         161         164   1.55431581       1.00448668       21.0944004    
          14         169         172   1.19855011       1.04762948       29.8010845    
          14         177         180   1.58145678       1.04483140       29.8451691    
          14         253         256  0.424158990       1.05253351       26.7945709    
          15           9          12   1.46130347       1.04064667       28.3208179    
          15          21          24  0.854207516       1.05991387       29.6599846    
          15          49          52   1.10835171       1.06240714       27.3700409    
          15          89          92   1.58175743       1.02440917       28.1501675    
          15         109         112  0.996559918       1.05689418       22.6668339    
          15         161         164   1.63554704       1.05596733       21.3508549    
          15         177         180   1.56937039       1.03107500       27.5909939    
          15         197         200   1.19293559       1.03449440       26.5751133    
          15         217         220   1.58070517       1.06682563       24.1790600    
          15         253         256  0.516419291       1.03085375       27.2519455    
          16           5           8   1.43848717      0.998871565       25.7977085    
          16          25          28   1.89054894       1.01854432       29.8230209    
          16          45          48   1.05068970       1.04588759       29.7465096    
          16          89          92   1.61280644       1.03188324       26.1843109    
          16         105         108   1.31418681       1.05778015       26.1862907    
          16         109         112   1.03647017       1.02592552       29.8101959    
          16         133         136   1.41425860       1.06004250       29.0655670    
          16         141         144   1.49817240       1.01102149       27.9596748    
          16         149         152  0.978393257       1.07700062       27.1148357    
          16         161         164   1.74174201       1.03690052       23.4941444    
          16         177         180   1.56217349       1.04339826       26.0366154    
          16         189         192  0.636872768      0.989580452       28.0501652    
          16         197         200   1.20588911       1.06450486       28.0724773    
          16         253         256  0.568953574       1.04723394       27.1098614    
          17           5           8   1.35739625       1.08227718       29.8734951    
          17           9          12   1.49497783       1.05768442       29.3554401    
          17          13          16  0.878691912       1.00099814       27.5886860    
          17          25          28   1.87700105       1.02236044       26.5944233    
          17          81          84   1.06358635       1.05495465       28.0568295    
          17          89          92   1.57493782       1.05250704       28.4963074    
          17         105         108   1.27781475       1.02888918       26.6118393    
          17         109         112   1.05812705       1.03649223       24.4418354    
          17         113         116   1.22511959       1.04766428       26.8647976    
          17         149         152  0.963305593       1.01444972       29.7631130    
          17         161         164   1.79149795       1.00941145       16.0522270    
          17         177         180   1.62408829       1.04378211       29.5227451    
          17         193         196   1.38609529       1.05830383       28.8106632    
          17         197         200   1.21759057       1.02949965       26.1098824    
          17         217         220   1.42190981       1.03910971       27.1029739    
          17         253         256  0.581216633       1.03682172       27.8153858    
          18           5           8   1.29694402       1.02287495       29.2796078    
          18          49          52   1.20969903       1.04620504       24.2429790    
          18          77          80   1.24503136       1.03693640       29.1074352    
          18          85          88   1.55586517       1.01734591       29.9356327    
          18          89          92   1.55204868       1.02126813       26.3420620    
          18         113         116   1.15855312       1.03489304       27.4347038    
          18         133         136   1.28824353       1.03592396       28.3245373    
          18         141         144   1.56735194       1.02955592       28.3193989    
          18         149         152   1.05688238       1.04880846       28.7335453    
          18         157         160  0.800336123       1.04822457       27.7257710    
          18         161         164   1.75708902       1.06215441       22.8484135    
          18         177         180   1.73922956       1.02684462       23.8368073    
          18         197         200   1.23251307       1.02812064       19.8720245    
          18         209         212   1.21024323       1.01323628       29.1373730    
          18         217         220   1.38277507       1.03084528       25.6080303    
          18         245         248  0.787712991       1.04196429       29.3037605    
          18         253         256  0.624005198       1.04772472       28.7916203    
          19           5           8   1.25221002       1.01105988       23.9076023    
          19          25          28   1.78830242      0.995698035       29.0248203    
          19          33          36   2.11667156       1.05142045       29.4876919    
          19          45          48   1.22064698       1.05604362       28.2064056    
          19          89          92   1.57647645       1.04708517       25.3227596    
          19         105         108   1.16640830       1.05058396       27.1806049    
          19         113         116   1.10730898       1.03797090       29.5764351    
          19         141         144   1.51402807       1.03311598       28.9309864    
          19         149         152   1.19047773       1.05807137       25.2558117    
          19         161         164   1.73212349       1.02282810       19.6913223    
          19         177         180   1.76867974       1.03735077       28.7939987    
          19         189         192  0.710913599       1.02636671       28.9795437    
          19         197         200   1.22458100       1.04768932       21.5170212    
          19         245         248  0.833844781       1.03666008       29.1445675    
          19         249         252   1.02387261       1.04261649       28.6937122    
          20           5           8   1.20881367       1.07195318       28.9796772    
          20           9          12   1.30018318       1.05930758       27.6792927    
          20          13          16  0.926692367       1.01011372       23.7720566    
          20          33          36   2.15739918      0.996818185       26.8178291    
          20          45          48   1.18933856       1.03202069       29.5562649    
          20          49          52   1.23696673       1.07084858       29.9950218    
          20          69          72   1.11748827       1.04083741       23.2197456    
          20          77          80   1.09171999       1.02629197       29.7271271    
          20          89          92   1.59348845       1.03701639       27.1618748    
          20         101         104   1.47208202       1.04984331       28.8128929    
          20         105         108   1.09536803       1.03492153       27.2213211    
          20         113         116   1.11630309       1.04097641       29.8139439    
          20         125         128   1.18588650       1.02900374       28.1911888    
          20         149         152   1.22122777       1.01631463       29.9358711    
          20         161         164   1.70859170       1.02461588       19.9743080    
          20         177         180   1.69443572       1.03028929       26.5840874    
          20         193         196   1.53003085       1.06096625       28.5322399    
          20         197         200   1.29755139       1.01758778       19.4228268    
          20         209         212   1.25275433       1.06950665       28.7970772    
          20         217         220   1.24391389       1.02342534       23.7259102    
          20         245         248  0.926524699       1.05338728       26.9470711    
          21           5           8   1.15722835       1.00163400       26.1281071    
          21           9          12   1.28353798       1.01821196       29.1123638    
          21          33          36   2.14442801       1.06901193       25.7574139    
          21          45          48   1.22451472       1.02813888       26.1453838    
          21          69          72   1.03552210       1.03025210       25.9666290    
          21          89          92   1.57074308       1.02290583       24.3208618    
          21         105         108   1.00822330       1.04055500       26.7405987    
          21         113         116   1.14873481       1.02504230       26.6370430    
          21         133         136   1.15822113       1.04073203       27.5545177    
          21         141         144   1.51967728       1.03372419       23.9741592    
          21         149         152   1.22732961       1.07333708       26.2452812    
          21         157         160  0.764544666       1.06343937       27.9699001    
          21         161         164   1.68602800       1.06328869       27.7085037    
          21         177         180   1.65603936       1.02979541       23.7757244    
          21         197         200   1.38213742       1.04049003       17.9332447    
          21         217         220   1.14561117       1.03169012       29.7709122    
          22           5           8   1.15566778       1.03326261       28.1768379    
          22           9          12   1.17805815       1.04360545       27.7117558    
          22          33          36   2.06283092       1.03036761       24.4280701    
          22          45          48   1.29091299       1.05632019       29.1372471    
          22          69          72  0.961011231       1.02095628       28.4588394    
          22          89          92   1.48615539       1.05197048       25.7112141    
          22         105         108  0.991126239       1.04997039       28.0594006    
          22         113         116   1.14108193       1.03166473       23.2947426    
          22         149         152   1.27133882       1.04670119       28.1963062    
          22         161         164   1.64104593       1.03186190       21.1217632    
          22         193         196   1.76268208       1.04230714       27.8837337    
          22         197         200   1.39991105       1.03684640       21.8948994    
          22         245         248   1.15444839       1.02753639       28.9694557    
          23           9          12   1.03774619       1.04757249       24.5046158    
          23          13          16  0.745137095       1.03960252       29.3461266    
          23          33          36   2.02644062       1.02008736       25.0793457    
          23          45          48   1.34288645       1.01523340       28.4610481    
          23          49          52   1.19373131       1.08201742       28.1290913    
          23          57          60  0.767923832       1.04057848       28.9607658    
          23          69          72  0.902232289       1.03917348       24.8406754    
          23          77          80   1.02325571       1.04215014       29.2165298    
          23          89          92   1.43284822       1.02912152       22.4739513    
          23         101         104   1.49610353       1.06368434       27.8397999    
          23         113         116   1.06032312       1.04100561       28.0218792    
          23         125         128   1.19596422       1.04576790       29.8863106    
          23         141         144   1.58094299       1.04811883       24.6779461    
          23         149         152   1.39704514       1.03019500       26.5631371    
          23         161         164   1.51224411       1.04154158       29.8107510    
          23         177         180   1.69686055       1.02353585       26.7309685    
          23         193         196   1.82412946       1.04362166       29.8105087    
          23         197         200   1.40471447       1.03438342       20.0423260    
          23         209         212   1.10288870       1.05386400       25.4358959    
          23         217         220   1.00154996       1.00413561       27.7691917    
          23         229         232   1.03211510       1.03497756       29.3875141    
          23         245         248   1.19355667       1.04895580       28.3025169    
          24           5           8   1.14285719       1.01973939       29.6996250    
          24           9          12  0.903574407       1.02025497       25.5097942    
          24          17          20   1.18327117      0.990661263       27.2722301    
          24          33          36   2.03968024       1.07607937       21.6560364    
          24          45          48   1.32351899       1.03791261       24.5912800    
          24          89          92   1.41393733       1.04158843       25.4730053    
          24         105         108  0.893914640       1.05488741       28.9569645    
          24         141         144   1.54057109       1.02563119       26.7862835    
          24         149         152   1.51483750       1.06353903       22.8865910    
          24         161         164   1.42817855       1.06024539       29.9196453    
          24         177         180   1.65970635       1.02902782       28.9469967    
          24         189         192   1.01433504       1.01015556       29.6253624    
          24         193         196   1.85720861       1.02833104       27.7325134    
          24         197         200   1.44817686       1.05159307       21.4856262    
          24         201         204   2.14637828       1.04557908       27.1842461    
          24         245         248   1.20977747       1.02446151       29.0112572    
          25           9          12  0.895018041       1.05904913       23.7980900    
          25          13          16  0.789811611       1.02296162       29.2592621    
          25          33          36   2.01029277       1.00779843       22.5451756    
          25          45          48   1.24222505       1.05424023       27.2803497    
          25          69          72  0.874545455       1.03604507       27.5455036    
          25          89          92   1.39820135       1.04582000       28.4088001    
          25          97         100   1.57975447       1.04149687       28.2103958    
          25         101         104   1.39891911       1.03329515       28.3373451    
          25         149         152   1.52537274       1.02231109       28.9329491    
          25         161         164   1.40298176       1.03343260       25.7250233    
          25         193         196   1.88203204       1.04947484       27.5956383    
          25         197         200   1.51013315       1.02784836       21.1660328    
          25         225         228   1.29450548       1.03274262       28.8642178    
          25         245         248   1.28590298       1.02170312       26.9730015    
          26           9          12  0.884572327       1.03274941       21.7977486    
          26          33          36   1.93864286       1.04605138       24.4609165    
          26          45          48   1.24896276       1.01559675       26.3818626    
          26          49          52   1.06245029       1.06003118       29.5745335    
          26          69          72  0.793775976       1.04526806       27.9290524    
          26          77          80   1.00360727       1.04271305       29.6356945    
          26          89          92   1.34273100       1.03175259       23.7216244    
          26         101         104   1.41425288       1.07154036       27.6590557    
          26         121         124   1.26530981       1.01828539       27.1596012    
          26         133         136  0.811760068       1.00411797       25.2921925    
          26         141         144   1.57253361       1.04004037       24.8672466    
          26         149         152   1.53358233       1.04019272       24.6781006    
          26         177         180   1.42989469       1.03782046       29.7396011    
          26         189         192   1.19971955       1.02749991       28.8248596    
          26         197         200   1.54320240       1.04362619       23.1003685    
          26         201         204   2.21714187       1.01123762       28.7601452    
          26         209         212   1.04986548       1.02859390       29.8215122    
          26         213         216   1.18114161       1.06553352       28.1183357    
          26         229         232  0.845248878       1.03655863       26.4874535    
          27           9          12  0.789512217       1.02652276       22.9151344    
          27          33          36   1.84559393       1.05764318       20.0583611    
          27          45          48   1.27445507       1.05557668       28.0032234    
          27          61          64   1.23152113       1.01795995       26.5069389    
          27          89          92   1.21578920       1.05936682       29.7375164    
          27         101         104   1.41232443       1.01059294       29.3302593    
          27         113         116  0.998236477       1.02442336       29.1132679    
          27         149         152   1.57702994       1.04641032       21.8308277    
          27         189         192   1.23221898       1.01388359       27.2127056    
          27         193         196   2.03201008       1.03472352       26.2640362    
          27         197         200   1.54612601       1.03459477       27.0860634    
          27         201         204   2.17861176       1.04618156       27.5698223    
          28           9          12  0.711226642       1.06286442       23.2161274    
          28          13          16  0.710190952       1.00425172       24.9042225    
          28          33          36   1.79650557       1.00496972       22.6176453    
          28          45          48   1.26789749       1.03603089       29.6039791    
          28          49          52   1.03289652       1.09346056       28.4085140    
          28          89          92   1.15263140       1.03889906       28.1361599    
          28          97         100   1.32613444       1.03749347       25.7474270    
          28         101         104   1.37903452       1.05367529       26.5745487    
          28         121         124   1.16511655       1.04105425       29.2816391    
          28         149         152   1.65886390       1.02704000       24.8731251    
          28         189         192   1.26070774       1.07399678       29.7000427    
          28         193         196   2.06920886       1.04428267       28.3312664    
          28         197         200   1.51594758       1.03243995       22.8080730    
          28         225         228   1.38366711       1.01625156       27.3789215    
          28         253         256   1.25009155       1.03052795       29.2027187    
          29           5           8   1.15126991       1.04127216       28.6275024    
          29           9          12  0.670111358       1.02125287       24.0972023    
          29          17          20   1.22617412       1.01292562       29.5830154    
          29          33          36   1.79768693       1.06079626       26.1624584    
          29          45          48   1.23461783       1.02827346       27.0838661    
          29          89          92   1.15817404       1.03847754       27.8889236    
          29         101         104   1.30256474       1.05375981       29.1032124    
          29         121         124   1.13007832       1.01862812       28.5828953    
          29         149         152   1.75442302       1.05073392       19.9907951    
          29         189         192   1.34667969       1.01253748       23.8848934    
          29         197         200   1.48318219       1.04457378       27.2388954    
          29         201         204   2.09706163       1.02502048       24.7075081    
          29         213         216   1.18725336       1.04996014       24.3969822    
          29         241         244  0.411952078       1.04674673       29.4030342    
          29         249         252   1.23955965       1.01866901       28.9720306    
          29         253         256   1.31468737       1.07108259       27.3637486    
          30           9          12  0.744513571       1.04720724       25.3280277    
          30          13          16  0.900361657       1.04152644       24.2601032    
          30          17          20   1.22510386       1.02931404       28.6893101    
          30          33          36   1.76661050       1.03928936       25.9312572    
          30          45          48   1.17404485       1.07137847       29.7810612    
          30          61          64   1.41863596       1.04388046       28.8724709    
          30          97         100   1.13075888       1.04414642       25.7239075    
          30         101         104   1.24684823       1.00451553       28.2046146    
          30         109         112   1.33412838       1.04661024       28.4596939    
          30         121         124   1.11584055       1.05895317       29.0030823    
          30         149         152   1.72985554       1.03148913       23.5655746    
          30         161         164   1.10993528       1.06041479       29.1978836    
          30         189         192   1.45000219       1.02441955       25.7721748    
          30         193         196   2.03060603       1.03891480       26.8642235    
          30         197         200   1.50048649       1.02369010       29.3096676    
          30         205         208   1.63178253      0.998019338       29.9655876    
          30         225         228   1.53580558       1.05344224       29.1629353    
          30         253         256   1.34591651      0.996677279       29.8533344    
          31           9          12  0.822897434       1.05241692       25.7779694    
          31          33          36   1.68859375       1.01103008       27.1148739    
          31          49          52  0.957245529       1.10122645       27.3612976    
          31          89          92   1.08625734       1.02680635       29.6923485    
          31          97         100   1.04766035       1.02896428       28.6770172    
          31         101         104   1.21700084       1.07178402       28.7721958    
          31         121         124   1.05121088       1.02053189       27.0237999    
          31         133         136  0.547435403       1.04647064       29.5072346    
          31         149         152   1.69568121       1.04151762       25.4094753    
          31         185         188   1.14076805       1.04047167       28.6382999    
          31         189         192   1.50130427       1.05960763       27.3713169    
          31         197         200   1.49572611       1.04574847       26.9445629    
          31         213         216   1.22143269       1.07539785       27.8545818    
          31         229         232  0.587602496       1.07178473       26.7631435    
          31         253         256   1.28558254       1.05608094       28.0977383    
          32           5           8   1.01408601       1.03867519       28.2790222    
          32           9          12  0.816989303       1.01591063       27.3708725    
          32          17          20   1.17428696       1.01260960       28.6092319    
          32          25          28   1.35772169       1.01274753       29.9373989    
          32          33          36   1.58016729       1.07512128       26.6852341    
          32          45          48   1.23228657       1.04665828       29.2066650    
          32          97         100  0.949397326       1.03739774       29.6175079    
          32         109         112   1.27477872       1.02842557       26.1028519    
          32         149         152   1.77177358       1.04703379       22.0162125    
          32         189         192   1.51202273       1.00807703       25.2614136    
          32         201         204   1.91983545       1.04951012       24.2962437    
          32         213         216   1.22020376       1.02646542       27.7593422    
          32         249         252   1.20604110       1.00672412       29.8129807    
          32         253         256   1.22009468       1.05679524       24.7970257    
          33          13          16   1.00847292       1.05200613       25.3419285    
          33          49          52   1.01443410       1.06510973       25.8561668    
          33          97         100  0.851518393       1.04259121       24.6741505    
          33         101         104   1.09174812       1.02557778       28.1020222    
          33         109         112   1.23056304       1.05048525       24.7685890    
          33         121         124   1.02458942       1.05861270       27.0786667    
          33         149         152   1.87106240       1.03193605       22.3557796    
          33         189         192   1.50109601       1.03954911       26.1000576    
          33         253         256   1.22295558      0.999443352       23.6134930    
          34           5           8  0.843368292       1.05840218       28.7881165    
          34          25          28   1.37125409       1.06400645       29.5520916    
          34          33          36   1.52025044       1.02863812       29.2597103    
          34          45          48   1.16197395       1.01565468       29.8051720    
          34          49          52   1.02158237       1.05744064       28.1293297    
          34         109         112   1.21647477       1.03240824       26.5669479    
          34         121         124   1.03882730       1.02673626       29.8317661    
          34         145         148  0.860349774       1.05868781       25.3595200    
          34         149         152   1.93607926       1.04438949       22.2570152    
          34         157         160  0.940452814       1.03015041       29.6518593    
          34         189         192   1.53027201       1.05414629       27.4948196    
          34         201         204   1.78215683       1.01357806       26.5916557    
          34         213         216   1.32311165       1.06999409       29.1562538    
          34         229         232  0.662135601       1.03207338       26.0531178    
          34         237         240   1.09409440       1.01717412       29.0546246    
          34         253         256   1.27275443       1.07744884       23.6016407    
          35           5           8  0.777278900       1.03931987       28.9591713    
          35          13          16   1.22225463       1.05724776       27.7602959    
          35          33          36   1.43711722       1.06600642       28.7643833    
          35          53          56  0.865540624      0.998482704       27.6986103    
          35          97         100  0.751072466       1.04816151       27.5489349    
          35         109         112   1.23895502       1.03038955       20.5167198    
          35         149         152   1.94994962       1.03418732       25.6437073    
          35         161         164  0.897186875       1.07487798       25.6632824    
          35         189         192   1.59994543       1.01121604       29.1700287    
          35         201         204   1.73093081       1.05889463       28.7726269    
          35         225         228   1.84095478       1.07034397       29.0664387    
          35         237         240   1.01560688       1.08929670       28.6140461    
          35         253         256   1.29836416       1.01499844       29.0930500    
          36           5           8  0.725836515       1.02806234       29.8027477    
          36          13          16   1.25382972       1.02020752       27.7607784    
          36          49          52  0.989872158       1.08917105       23.5996456    
          36          53          56  0.912924111       1.04085326       27.5600967    
          36          97         100  0.714865625       1.03456414       29.3571663    
          36         109         112   1.23101723       1.05171478       24.0696487    
          36         121         124   1.03109348       1.05375051       26.1146698    
          36         149         152   1.96276772       1.04873550       27.2353821    
          36         185         188   1.25076556       1.05727136       29.9083118    
          36         189         192   1.60000491       1.04731297       29.9094410    
          36         229         232  0.612987578       1.06230569       26.9465294    
          36         253         256   1.25916004       1.01901984       26.0231800    
          37           5           8  0.673230827       1.06168771       23.8383865    
          37          25          28   1.27608991       1.03982151       26.2607899    
          37          49          52   1.01288104       1.01353884       28.2116585    
          37          53          56  0.950873613       1.05403149       28.5200920    
          37         109         112   1.19977415       1.02423012       22.2664795    
          37         149         152   2.04601240       1.04756498       25.2184372    
          37         157         160  0.892183542       1.04572296       28.3930149    
          37         189         192   1.57186139       1.04807031       28.5618992    
          37         201         204   1.59840930       1.03508198       23.3753662    
          37         253         256   1.22190833       1.07789004       22.3717003    
          38           5           8  0.611746669       1.03201306       29.6770782    
          38          13          16   1.37640011       1.05299580       25.1556644    
          38          49          52   1.03761983       1.00447142       26.2521057    
          38          53          56   1.00122213      0.997643530       25.7506084    
          38          97         100  0.634392560       1.05469787       27.6807766    
          38         109         112   1.20379794       1.04983068       20.1961460    
          38         149         152   2.16852736       1.03699040       26.7385044    
          38         161         164  0.767607152       1.08118212       24.6397686    
          38         189         192   1.54245245       1.02180696       29.8289394    
          38         253         256   1.24428046      0.998295546       23.1897964    
          39           5           8  0.569020450       1.01728821       22.4572620    
          39          49          52   1.02689123       1.08577418       26.6338825    
          39          53          56   1.05164242       1.05411267       25.5740566    
          39          65          68  0.812777579       1.04573584       27.1604748    
          39         109         112   1.24509573       1.05554366       23.9220142    
          39         141         144   1.26716638       1.02668810       29.7730770    
          39         145         148   1.39961863       1.06778407       28.3371429    
          39         149         152   2.24166465       1.05527794       28.0980587    
          39         157         160  0.877551734       1.01074314       29.8164997    
          39         185         188   1.42767632       1.04682910       27.2539368    
          39         201         204   1.46005011       1.03313148       28.8074875    
          39         229         232  0.880548120       1.07540655       28.3454514    
          39         253         256   1.32309842       1.05022669       24.7349815    
          40           5           8  0.538091063       1.06224787       25.6243610    
          40          13          16   1.56524026       1.04565609       28.4011135    
          40          33          36  0.986844301       1.07735956       29.0683842    
          40          41          44   1.15887189       1.03571451       27.1440678    
          40          45          48  0.989182889       1.04397523       29.8843231    
          40          49          52  0.991457045      0.991420448       26.7884579    
          40          53          56   1.08999503       1.03695822       24.7526283    
          40          73          76   1.40372002       1.06514621       29.3742275    
          40          97         100  0.623729289       1.04706001       29.9379654    
          40         109         112   1.32058609       1.02933753       21.8018856    
          40         149         152   2.24629641       1.03306794       29.9495163    
          40         157         160  0.856254935       1.05294943       29.2276592    
          40         161         164  0.765274763       1.02725542       26.3959217    
          40         201         204   1.40493250       1.02840066       26.6722298    
          41          13          16   1.57046449       1.04559290       27.1916943    
          41          21          24   1.06787694       1.00215888       27.9465714    
          41          49          52  0.976788461       1.04316664       26.4440975    
          41          53          56   1.08981335       1.02219617       23.7271576    
          41          65          68  0.939637601       1.00219953       27.1210537    
          41         109         112   1.38832355       1.05598545       23.6961250    
          41         161         164  0.782701373       1.06170905       27.0406971    
          41         185         188   1.55919850       1.03029728       26.0843678    
          41         193         196   2.21771669       1.01630545       28.9571915    
          41         229         232  0.864522278       1.07245910       27.2383137    
          41         245         248   1.35158885      0.998966575       28.2298832    
          41         253         256   1.28668261       1.00687981       28.6152878    
          42           5           8  0.586671710       1.03805077       22.8566971    
          42           9          12   1.27321661       1.02734852       26.9709530    
          42          53          56   1.11200964       1.06168044       25.8301716    
          42          65          68  0.955460310       1.06817377       28.1860008    
          42          73          76   1.44440174      0.994946063       26.1203365    
          42         109         112   1.40351200       1.03342307       23.6364784    
          42         129         132  0.849034905       1.07120895       29.7501087    
          42         157         160  0.845790684       1.02637875       26.8517685    
          42         189         192   1.58250070       1.06365144       28.9419956    
          42         201         204   1.29577732       1.02958095       21.9103222    
          42         253         256   1.24927890       1.07638776       29.4035187    
          43           9          12   1.23343134       1.02832246       28.9198666    
          43          13          16   1.66785038       1.04788458       26.7165871    
          43          49          52   1.02743518      0.999519706       25.7160625    
          43          53          56   1.16114438       1.03853357       25.6596699    
          43          73          76   1.40954673       1.08232796       29.6139965    
          43          85          88  0.963979483       1.04493141       29.7102394    
          43         109         112   1.45026231       1.02596343       25.1989174    
          43         129         132  0.842235982       1.01891577       29.9535046    
          43         161         164  0.696717978       1.06600332       24.1781693    
          43         165         168  0.887162030       1.04092014       27.7996922    
          43         185         188   1.57576954       1.02150416       29.5908279    
          43         189         192   1.54513168       1.02833867       25.1368713    
          43         193         196   2.10768604       1.05280459       25.9129887    
          43         205         208   1.17280328      0.979689240       27.8214302    
          43         245         248   1.35861564       1.01883113       29.6912804    
          44           9          12   1.24907351       1.07312727       27.6389484    
          44          49          52   1.01673269       1.06390357       29.8414841    
          44          53          56   1.19606578       1.03921092       25.6872387    
          44          65          68   1.10821581       1.02441907       26.3903236    
          44          73          76   1.35380232       1.02807641       29.9671707    
          44          77          80   1.21411431       1.02539945       28.3167572    
          44         109         112   1.53212202       1.05152905       29.0970516    
          44         129         132  0.813036919       1.03624809       29.7669106    
          44         137         140   1.67332554       1.05874634       29.6321297    
          44         141         144   1.09837925       1.01657987       29.1162357    
          44         165         168  0.922157288       1.03039014       29.5845757    
          44         185         188   1.53084362       1.03328621       24.0790901    
          44         193         196   1.97986889       1.01820695       28.4002876    
          44         229         232   1.14610016       1.06673002       22.9195614    
          45           5           8  0.668182075       1.06619275       29.7888527    
          45           9          12   1.27858460       1.01234198       26.0707817    
          45          53          56   1.24341500       1.04973280       23.2932320    
          45          73          76   1.34884107       1.02519405       26.9971714    
          45          85          88  0.964257002       1.03698063       29.6563129    
          45         109         112   1.59562266       1.01796329       29.4152832    
          45         129         132  0.811689019       1.07206953       27.5212688    
          45         145         148   1.98463118       1.01654720       28.2051067    
          45         149         152   2.53458714       1.02575314       29.1715679    
          45         157         160  0.839076042       1.03621662       29.1560898    
          45         165         168  0.944109857       1.05931342       29.6175690    
          45         173         176   1.33810019       1.05876493       27.7814217    
          45         193         196   1.86235225       1.06734037       28.8840370    
          45         201         204   1.11947620       1.01786113       22.4686813    
          46           9          12   1.31317019       1.05890727       27.6677189    
          46          13          16   1.76889300       1.04686022       27.0836926    
          46          49          52   1.02896309       1.00222909       29.7959175    
          46          53          56   1.26668537       1.03401983       24.4744282    
          46          73          76   1.37110913       1.07705557       28.9164867    
          46          77          80   1.25083494       1.04051661       28.6389046    
          46         101         104  0.549461365       1.00332320       28.9754219    
          46         137         140   1.50554764       1.03896284       29.2432270    
          46         161         164  0.748882174       1.09332716       28.9678135    
          46         165         168  0.977978647       1.04478502       29.1567936    
          46         185         188   1.46727514       1.01774335       25.8638382    
          46         193         196   1.81947803       1.04386735       28.1098137    
          46         205         208  0.989650309      0.990348220       27.5609455    
          46         229         232   1.09215188       1.03778541       28.6552010    
          47           9          12   1.30325747       1.05594778       25.6800709    
          47          73          76   1.39677250       1.00291133       27.8713856    
          47          77          80   1.29495072       1.02284765       24.0723114    
          47         101         104  0.572203517       1.06531179       27.8934860    
          47         129         132  0.967643201       1.06833482       27.1829128    
          47         137         140   1.43919110       1.04694498       27.5473061    
          47         173         176   1.41778851       1.04938030       27.8982792    
          47         185         188   1.38499677       1.05012202       28.4907455    
          47         193         196   1.76693046       1.03108847       29.3208485    
          47         201         204  0.995031953       1.04550469       24.7734070    
          47         229         232   1.13713074       1.04689479       24.3361282    
          47         241         244  0.656671405       1.06398368       28.8482056    
          48           9          12   1.30389810       1.01302671       26.5255909    
          48          53          56   1.35753977       1.04837584       26.3914661    
          48          73          76   1.37145519       1.04150844       27.4526901    
          48          77          80   1.28174031       1.05082119       29.7324543    
          48          85          88  0.810589731       1.03416514       28.6139832    
          48         129         132   1.01550949       1.03992653       29.2231560    
          48         137         140   1.35087025       1.00782740       28.5024662    
          48         161         164  0.695726871       1.02216864       26.8931885    
          48         165         168   1.05202937       1.05782831       28.3841896    
          48         173         176   1.49460113       1.05142999       26.6141281    
          48         189         192   1.42497063       1.06607604       27.0718021    
          48         193         196   1.64155459       1.06647313       28.0581512    
          48         213         216   1.67387402       1.04025221       29.2245178    
          48         225         228   1.45820343       1.06644142       28.2292900    
          49           9          12   1.36085510       1.07582855       24.7966270    
          49          53          56   1.41534197       1.03277445       29.0179806    
          49          57          60   1.40230656       1.02272713       29.5093555    
          49          73          76   1.33999062       1.05451846       29.4176350    
          49          77          80   1.24737930       1.02753961       26.9429111    
          49          89          92  0.691392481       1.03498471       28.1538868    
          49         101         104  0.609077752       1.01948190       28.6073093    
          49         121         124   1.09479320       1.02862537       29.0779972    
          49         137         140   1.28506863       1.05933845       26.2705803    
          49         161         164  0.725857556       1.09711778       29.8814240    
          49         173         176   1.54907453       1.02111197       27.1306458    
          49         185         188   1.20103276       1.02973104       23.6701984    
          49         193         196   1.53970051       1.03264034       27.2002716    
          49         213         216   1.71795416       1.01550651       28.0143471    
          49         229         232   1.32010198       1.06766427       23.6855087    
          50           9          12   1.45627880       1.01397276       25.9899368    
          50          45          48   1.07125068       1.01994908       29.7867794    
          50          73          76   1.36975801       1.00764346       28.2641373    
          50          77          80   1.22675061       1.03947163       28.5370789    
          50          85          88  0.879419088       1.01568449       29.3281250    
          50          97         100  0.220985234       1.03393984       29.0897789    
          50         129         132   1.14332998       1.06722569       25.4876556    
          50         145         148   1.85330045       1.04879916       28.3491764    
          50         153         156  0.655449033       1.06439853       28.8150043    
          50         173         176   1.62750757       1.07885253       22.3129120    
          50         193         196   1.49990177       1.03879905       29.9059238    
          50         197         200  0.466620475       1.03933465       29.9646034    
          50         201         204  0.856643140       1.03821731       25.6489449    
          50         213         216   1.72528172       1.03936887       27.0645390    
          50         225         228   1.36782956       1.00563884       26.4944725    
